000010 111110
000011 175400
000012 111110
000013 175400
000014 111110
000015 175400
000016 111110
000017 175400
000020 111110
000021 175400
000022 111110
000023 175400
000024 111110
000025 175400
000026 111110
000027 175400
000030 111110
000031 175400
000032 111110
000033 175400
000034 111110
000035 175400
000036 111110
000037 175400
000040 111110
000041 175400
000042 111110
000043 175400
000044 111110
000045 175400
000046 111110
000047 175400
000050 111110
000051 175400
000052 111110
000053 175400
000054 111110
000055 175400
000056 111110
000057 175400
000060 110001
000061 111110
000062 110010
000064 000000
